STEP,MS,DUTY,TARGET,ACTUAL,SAMPLE,PROPOR,INTEG,DIFFER,TOTAL,DELTA,NEXT
0,391,0,10000,349,349,9651,9651,0,12063,60,60
1,392,60,10000,14359,14359,-4359,5292,14010,701,3,63
2,391,63,10000,15725,15725,-5725,-433,1366,-2205,-11,52
3,391,52,10000,13036,13036,-3036,-3469,-2689,-3556,-17,35
4,391,35,10000,9236,9236,764,-2705,-3800,-1564,-7,28
5,391,28,10000,7665,7665,2335,-370,-1571,605,3,31
6,391,31,10000,8123,8123,1877,1507,458,1862,9,40
7,391,40,10000,10846,10846,-846,661,2723,-230,-1,39
8,391,39,10000,9808,9808,192,853,-1038,1160,5,44
9,392,44,10000,11226,11226,-1226,-373,1418,-1033,-5,39
10,391,39,10000,9841,9841,159,-214,-1385,171,0,39
11,390,39,10000,9850,9850,150,-64,9,-29,0,39
12,391,39,10000,9856,9856,144,80,6,115,0,39
13,392,39,10000,9879,9879,121,201,23,226,1,40
14,391,40,10000,10839,10839,-839,-638,960,-1087,-5,35
15,391,35,10000,9200,9200,800,162,-1639,771,3,38
16,391,38,10000,9709,9709,291,453,509,398,1,39
17,391,39,10000,9882,9882,118,571,173,557,2,41
18,391,41,10000,10390,10390,-390,181,508,-43,0,41
19,391,41,10000,10338,10338,-338,-157,-52,-228,-1,40
20,391,40,10000,10797,10797,-797,-954,459,-1267,-6,34
21,392,34,10000,8766,8766,1234,280,-2031,1095,5,39
22,391,39,10000,9911,9911,89,369,1145,105,0,39
23,391,39,10000,9909,9909,91,460,-2,482,2,41
24,391,41,10000,10309,10309,-309,151,400,-26,0,41
25,392,41,10000,10366,10366,-366,-215,57,-320,-1,40
26,391,40,10000,10765,10765,-765,-980,399,-1270,-6,34
27,391,34,10000,8707,8707,1293,313,-2058,1150,5,39
28,391,39,10000,9812,9812,188,501,1105,272,1,40
29,391,40,10000,10707,10707,-707,-206,895,-605,-3,37
30,391,37,10000,9440,9440,560,354,-1267,810,4,41
31,391,41,10000,10312,10312,-312,42,872,-254,-1,40
32,391,40,10000,10733,10733,-733,-691,421,-979,-4,36
33,391,36,10000,9256,9256,744,53,-1477,608,3,39
34,391,39,10000,9812,9812,188,241,556,149,0,39
35,391,39,10000,9896,9896,104,345,84,350,1,40
36,392,40,10000,10672,10672,-672,-327,776,-689,-3,37
37,391,37,10000,9388,9388,612,285,-1284,759,3,40
38,391,40,10000,10711,10711,-711,-426,1323,-933,-4,36
39,391,36,10000,9222,9222,778,352,-1489,918,4,40
40,392,40,10000,10694,10694,-694,-342,1472,-883,-4,36
41,391,36,10000,9319,9319,681,339,-1375,852,4,40
42,391,40,10000,10739,10739,-739,-400,1420,-939,-4,36
43,391,36,10000,9300,9300,700,300,-1439,834,4,40
44,393,40,10000,10730,10730,-730,-430,1430,-969,-4,36
45,391,36,10000,9349,9349,651,221,-1381,728,3,39
46,391,39,10000,9961,9961,39,260,612,116,0,39
47,391,39,10000,9959,9959,41,301,-2,311,1,40
48,392,40,10000,10805,10805,-805,-504,846,-916,-4,36
49,393,36,10000,9338,9338,662,158,-1467,689,3,39
50,391,39,10000,9899,9899,101,259,561,144,0,39
51,391,39,10000,9835,9835,165,424,-64,481,2,41
52,391,41,10000,10433,10433,-433,-9,598,-266,-1,40
53,391,40,10000,10796,10796,-796,-805,363,-1094,-5,35
54,391,35,10000,9158,9158,842,37,-1638,656,3,38
55,391,38,10000,9665,9665,335,372,507,329,1,39
56,391,39,10000,9975,9975,25,397,310,326,1,40
57,391,40,10000,10798,10798,-798,-401,823,-805,-4,36
58,391,36,10000,9333,9333,667,266,-1465,798,3,39
59,391,39,10000,9879,9879,121,387,546,281,1,40
60,391,40,10000,10776,10776,-776,-389,897,-807,-4,36
61,391,36,10000,9368,9368,632,243,-1408,753,3,39
62,391,39,10000,9944,9944,56,299,576,169,0,39
63,391,39,10000,9846,9846,154,453,-98,515,2,41
64,392,41,10000,10301,10301,-301,152,455,-36,0,41
65,393,41,10000,10364,10364,-364,-212,63,-318,-1,40
66,391,40,10000,10762,10762,-762,-974,398,-1263,-6,34
67,391,34,10000,8752,8752,1248,274,-2010,1088,5,39
68,391,39,10000,9975,9975,25,299,1223,0,0,39
69,391,39,10000,9974,9974,26,325,-1,331,1,40
70,391,40,10000,10761,10761,-761,-436,787,-822,-4,36
71,391,36,10000,9374,9374,626,190,-1387,692,3,39
72,391,39,10000,9897,9897,103,293,523,188,0,39
73,391,39,10000,9864,9864,136,429,-33,471,2,41
74,391,41,10000,10351,10351,-351,78,487,-130,0,41
75,391,41,10000,10428,10428,-428,-350,77,-476,-2,39
76,392,39,10000,9931,9931,69,-281,-497,-140,0,39
77,391,39,10000,9838,9838,162,-119,-93,-56,0,39
78,390,39,10000,9825,9825,175,56,-13,102,0,39
79,389,39,10000,9864,9864,136,192,39,217,1,40
80,391,40,10000,10827,10827,-827,-635,963,-1081,-5,35
81,391,35,10000,9242,9242,758,123,-1585,708,3,38
82,391,38,10000,9660,9660,340,463,418,444,2,40
83,391,40,10000,10797,10797,-797,-334,1137,-817,-4,36
84,391,36,10000,9339,9339,661,327,-1458,856,4,40
85,391,40,10000,10755,10755,-755,-428,1416,-970,-4,36
86,391,36,10000,9365,9365,635,207,-1390,712,3,39
87,391,39,10000,9895,9895,105,312,530,206,1,40
88,391,40,10000,10739,10739,-739,-427,844,-822,-4,36
89,391,36,10000,9322,9322,678,251,-1417,774,3,39
90,391,39,10000,9981,9981,19,270,659,110,0,39
91,391,39,10000,9974,9974,26,296,-7,303,1,40
92,391,40,10000,10749,10749,-749,-453,775,-833,-4,36
93,391,36,10000,9335,9335,665,212,-1414,731,3,39
94,391,39,10000,9972,9972,28,240,637,88,0,39
95,390,39,10000,9941,9941,59,299,-31,320,1,40
96,391,40,10000,10764,10764,-764,-465,823,-861,-4,36
97,391,36,10000,9352,9352,648,183,-1412,698,3,39
98,391,39,10000,9867,9867,133,316,515,221,1,40
99,392,40,10000,10738,10738,-738,-422,871,-823,-4,36
100,391,36,10000,9300,9300,700,278,-1438,812,4,40
